0 0.23515625 0.28828125 0.0359375 0.0625
1 0.259375 0.290625 0.03515625 0.06640625
1 0.2859375 0.290625 0.03359375 0.06640625
1 0.3109375 0.2890625 0.0359375 0.06640625
1 0.3359375 0.290625 0.03359375 0.0625
1 0.3765625 0.2875 0.0328125 0.0640625
1 0.4046875 0.28828125 0.02734375 0.059375
1 0.4296875 0.290625 0.02578125 0.0640625
1 0.4546875 0.2875 0.0265625 0.0640625
1 0.48125 0.2890625 0.028125 0.0609375
1 0.50625 0.28671875 0.025 0.05390625
1 0.5328125 0.28671875 0.0265625 0.05703125
1 0.5609375 0.28203125 0.025 0.053125
1 0.5890625 0.2828125 0.02890625 0.059375
1 0.61796875 0.2828125 0.025 0.059375
0 0.64375 0.28125 0.02734375 0.05390625
1 0.6734375 0.28125 0.02734375 0.05390625
1 0.7015625 0.278125 0.02734375 0.0515625
1 0.73125 0.28046875 0.03046875 0.05546875
1 0.7609375 0.27734375 0.028125 0.0625
1 0.78671875 0.27734375 0.03125 0.05390625
1 0.81640625 0.27421875 0.0359375 0.0625
0 0.19765625 0.40078125 0.0421875 0.059375
1 0.2234375 0.39921875 0.04140625 0.0625
1 0.25 0.4015625 0.03828125 0.0640625
1 0.28125 0.4015625 0.03984375 0.05859375
1 0.3125 0.403125 0.03671875 0.0609375
1 0.35 0.40234375 0.03515625 0.05703125
1 0.375 0.4015625 0.03515625 0.0609375
1 0.409375 0.39609375 0.03359375 0.05859375
1 0.4359375 0.39765625 0.03359375 0.05703125
1 0.465625 0.396875 0.03515625 0.0625
1 0.4953125 0.39609375 0.03203125 0.0609375
1 0.521875 0.396875 0.03125 0.059375
1 0.553125 0.3953125 0.0296875 0.06796875
0 0.58359375 0.396875 0.0296875 0.059375
1 0.61328125 0.39296875 0.034375 0.0640625
1 0.646875 0.3890625 0.03046875 0.071875
1 0.67890625 0.39375 0.03125 0.0734375
1 0.709375 0.38984375 0.0359375 0.0734375
1 0.740625 0.39140625 0.03203125 0.06953125
1 0.7734375 0.39140625 0.0375 0.075
1 0.80625 0.390625 0.03359375 0.07109375
1 0.8390625 0.39140625 0.03671875 0.06640625
1 0.1765625 0.46171875 0.03671875 0.07890625
1 0.2046875 0.4640625 0.04453125 0.08046875
1 0.2328125 0.459375 0.03984375 0.08359375
1 0.26015625 0.4671875 0.040625 0.07890625
1 0.290625 0.465625 0.03671875 0.08046875
1 0.3359375 0.46875 0.03046875 0.084375
1 0.3671875 0.46640625 0.0421875 0.08359375
1 0.39453125 0.46796875 0.0375 0.078125
1 0.42734375 0.4640625 0.0375 0.08359375
1 0.45625 0.46796875 0.03046875 0.075
0 0.48984375 0.46796875 0.0328125 0.075
1 0.51875 0.46875 0.0328125 0.07109375
1 0.55234375 0.465625 0.0265625 0.07109375
1 0.5828125 0.4671875 0.03203125 0.07109375
1 0.6140625 0.46640625 0.02890625 0.071875
1 0.646875 0.4640625 0.03125 0.071875
0 0.68046875 0.4671875 0.03125 0.07109375
1 0.71171875 0.465625 0.0359375 0.06640625
1 0.74609375 0.465625 0.0328125 0.0734375
1 0.77890625 0.46328125 0.0390625 0.0734375
1 0.8125 0.465625 0.03515625 0.06796875
1 0.8484375 0.459375 0.0421875 0.075
1 0.121875 0.615625 0.0453125 0.08359375
1 0.1515625 0.61796875 0.0453125 0.078125
0 0.1875 0.61875 0.04453125 0.07890625
1 0.21875 0.61640625 0.04140625 0.078125
1 0.2515625 0.621875 0.0421875 0.075
1 0.30234375 0.61875 0.0390625 0.07109375
1 0.33671875 0.61640625 0.040625 0.078125
1 0.37265625 0.6203125 0.0484375 0.084375
1 0.4046875 0.6203125 0.04140625 0.07890625
1 0.4390625 0.6234375 0.04140625 0.08046875
1 0.47109375 0.621875 0.0359375 0.08046875
1 0.50625 0.62421875 0.03671875 0.0875
1 0.54140625 0.62109375 0.0375 0.078125
1 0.57890625 0.621875 0.0359375 0.0859375
1 0.6140625 0.6203125 0.0359375 0.08203125
1 0.6515625 0.62578125 0.03671875 0.08203125
1 0.6890625 0.628125 0.04140625 0.08359375
0 0.7265625 0.62578125 0.0421875 0.08203125
1 0.7640625 0.625 0.040625 0.0890625
0 0.8015625 0.628125 0.04453125 0.09140625
1 0.8375 0.6234375 0.04140625 0.0890625
1 0.875 0.621875 0.0484375 0.0875
1 0.059375 0.73359375 0.053125 0.075
1 0.0953125 0.73671875 0.05546875 0.084375
1 0.1375 0.7390625 0.0546875 0.0859375
0 0.1765625 0.7390625 0.059375 0.0890625
1 0.21875 0.73671875 0.05390625 0.09296875
1 0.25703125 0.73671875 0.053125 0.0875
1 0.3 0.73515625 0.05234375 0.07890625
0 0.3453125 0.73984375 0.05234375 0.07890625
0 0.3859375 0.74609375 0.0515625 0.08359375
1 0.4296875 0.740625 0.04921875 0.08203125
1 0.4703125 0.74453125 0.04140625 0.0859375
1 0.5109375 0.74765625 0.04609375 0.0875