0 0.565625 0.865625 0.12578125 0.20703125
0 0.60546875 0.7203125 0.115625 0.1875
0 0.63515625 0.6234375 0.103125 0.1390625
0 0.653125 0.52265625 0.10078125 0.1484375
0 0.675 0.4515625 0.084375 0.11953125
0 0.69140625 0.375 0.0828125 0.10859375
0 0.70625 0.31875 0.08203125 0.0984375
0 0.7234375 0.271875 0.08125 0.08359375
1 0.734375 0.2265625 0.06640625 0.071875
1 0.43671875 0.86640625 0.1390625 0.16953125
0 0.5765625 0.43671875 0.09296875 0.09296875
0 0.60078125 0.37578125 0.090625 0.07890625
0 0.6203125 0.3140625 0.09140625 0.078125
0 0.6359375 0.26484375 0.084375 0.0625
0 0.6578125 0.22265625 0.06796875 0.0515625
0 0.3125 0.40078125 0.06015625 0.10703125
0 0.34921875 0.3421875 0.0609375 0.09296875
0 0.3875 0.2953125 0.059375 0.09296875
0 0.415625 0.24609375 0.0578125 0.075
0 0.44375 0.20546875 0.059375 0.078125
0 0.46796875 0.17265625 0.05625 0.07109375
0 0.1796875 0.44375 0.06484375 0.1234375
0 0.22890625 0.38515625 0.0640625 0.1015625
0 0.2765625 0.3296875 0.05859375 0.09609375
0 0.3125 0.2765625 0.05390625 0.08046875
0 0.34765625 0.23671875 0.0546875 0.084375
0 0.3796875 0.203125 0.05625 0.07890625
0 0.4078125 0.17109375 0.04921875 0.06953125