1 0.509375 0.8875 0.11640625 0.19140625
1 0.5515625 0.7875 0.11953125 0.171875
1 0.571875 0.671875 0.10390625 0.15703125
1 0.5953125 0.57265625 0.09609375 0.1265625
1 0.6046875 0.48828125 0.09296875 0.10703125
0 0.62734375 0.41640625 0.0875 0.09453125
0 0.6390625 0.35546875 0.07890625 0.08046875
0 0.6546875 0.31015625 0.07578125 0.07109375
0 0.66875 0.275 0.071875 0.06640625
1 0.3671875 0.903125 0.1453125 0.16796875
1 0.503125 0.49140625 0.09765625 0.09453125
0 0.5375 0.41484375 0.08515625 0.07890625
0 0.5421875 0.3640625 0.08828125 0.071875
0 0.5734375 0.315625 0.07890625 0.0640625
0 0.5765625 0.26953125 0.07578125 0.05859375
0 0.240625 0.46171875 0.07109375 0.115625
0 0.2828125 0.3984375 0.06171875 0.103125
0 0.315625 0.3453125 0.06484375 0.09609375
0 0.353125 0.30234375 0.0609375 0.07890625
0 0.3765625 0.2546875 0.06015625 0.07890625
0 0.4015625 0.22578125 0.05078125 0.0765625
1 0.10234375 0.50078125 0.071875 0.13203125
1 0.15546875 0.428125 0.0765625 0.121875
0 0.203125 0.378125 0.06953125 0.1140625
0 0.246875 0.3359375 0.06484375 0.09140625
0 0.28125 0.28984375 0.05703125 0.084375
1 0.3140625 0.2546875 0.05546875 0.07890625
0 0.34140625 0.21953125 0.05625 0.08046875